3,2
3,1
3,3
10,253
10,11
10,21
10,299
10,229
10,303
10,185
10,227
11,26
9,7
9,1
9,5
9,2
9,3
8,8
8,14
8,10
8,13
8,2
8,3
0,478
52,4
52,3
52,2
52,1
52,0
51,3
51,2
51,1
51,0
50,3
50,2
50,1
50,0
49,3
49,2
49,1
49,0
48,3
48,2
48,1
48,0
47,3
47,2
47,1
47,0
46,3
46,2
46,1
46,0
45,4
45,3
45,2
45,1
45,0
44,5
44,4
44,3
44,2
44,1
44,0
43,5
43,4
43,3
43,2
43,1
43,0
42,4
42,3
42,2
42,1
42,0
20,3
20,2
20,1
19,3
19,2
19,1
12,3
12,2
12,1
11,28
11,25
11,24
11,21
11,20
11,19
11,15
11,14
11,12
11,11
11,10
11,6
11,5
11,3
11,2
11,1
10,278
10,272
10,242
10,226
